CX| 0.34| 4.775| 14.044118
BDC| 3.01| 59.018| 19.60731
IRS| 8.97| -1.0| -0.11148272
FMX| 0.68| 96.16| 141.41177
KRG| -0.56| 15.885| -28.366072
CRESY| 3.46| -1.0| -0.28901735
BH.A| 40.87| -1.0| -0.024467826
BSBR| 0.41| -1.0| -2.4390244
ITGR| 5.17| 76.966| 14.887041
AHT| -1.75| 5.188| -2.9645715
JOE| 0.52| 17.431| 33.521156
IEP| 11.46| -1.0| -0.08726004
DNR| 0.71| 2.445| 3.443662
MCK| 0.35| 114.19| 326.25714
EDN| 2.57| -1.0| -0.38910508
EXPE| 2.64| 124.551| 47.17841
PXD| 5.69| 150.982| 26.53462
SGMS| -3.87| 20.732| -5.357106
FFBC| 1.94| 24.44| 12.597938
HCSG| 1.12| 34.36| 30.678572
ISCA| 5.11| 43.635| 8.539139
RRC| -7.1| 10.349| -1.4576056
HBM| 0.0| -1.0| -Infinity
ORI| 1.24| 21.072| 16.99355
WTM| -39.65| -1.0| 0.02522068
ATO| 5.47| 100.665| 18.403109
UHAL| 40.35| 375.697| 9.310954
MBI| -3.35| 9.45| -2.8208954
IBM| 9.51| 143.687| 15.109042
CZR| 0.39| 9.412| 24.133333
CHDN| 8.39| -1.0| -0.11918951
EBR| 2.52| 8.65| 3.4325395
EBR.B| 2.52| -1.0| -0.3968254
ICUI| 1.34| 230.431| 171.96342
UFCS| 1.09| 43.755| 40.1422
CCO| -0.6| -1.0| 1.6666666
TDS| 1.17| 32.105| 27.440172
PCH| 1.91| 38.93| 20.3822
NYT| 0.75| 33.915| 45.22
SNE| 3.57| 46.274| 12.961905
GOL| -0.05| 12.08| -241.59999
CF| 1.24| 42.246| 34.069355
GDEN| -0.77| -1.0| 1.2987013
SM| 4.48| 17.306| 3.8629463
CLR| 2.65| 46.963| 17.721886
MERC| 1.97| 14.625| 7.4238577
PNW| 4.54| 95.287| 20.988327
BAX| 2.98| 79.852| 26.795973
WY| 0.99| 27.102| 27.375757
RCL| 8.58| 118.961| 13.864919
AGN| -15.25| 145.084| -9.513705
JHX| 0.33| -1.0| -3.030303
CLW| -8.72| 19.92| -2.2844036
JEF| 0.2| 19.797| 98.985
SIG| 7.36| 23.887| 3.245516
APC| 1.2| 46.807| 39.005833
FORM| 1.38| 18.484| 13.394202
BIG| 3.85| 39.301| 10.208052
CMPR| 1.36| 86.771| 63.802208
TER| 2.36| 43.61| 18.478815
TRK| 0.99| -1.0| -1.010101
TVTY| 2.28| 20.308| 8.907018
RBS| 0.34| 6.845| 20.132353
SKYW| 5.3| 58.7| 11.075472
OC| 4.89| 51.359| 10.502864
GTT| -4.88| -1.0| 0.20491803
BP| 2.8| 44.861| 16.021786
PRU| 9.49| 99.586| 10.493783
S| 1.82| 5.991| 3.2917583
ENLC| -0.07| 12.415| -177.35715
ECA| 0.0| 7.153| Infinity
SMFG| 1.01| -1.0| -0.990099
IRM| 1.27| 36.267| 28.556692
EDU| 1.87| 90.564| 48.429947
DAL| 5.68| 58.379| 10.277993
TSCO| 4.32| 102.938| 23.828241
TREE| 6.86| 363.312| 52.960934
PVAC| 14.7| 41.89| 2.84966
EQNR| 2.28| 22.989| 10.082895
TXMD| -0.59| 4.625| -7.8389835
CNSL| -0.72| 11.625| -16.145832
FRO| -0.05| 7.935| -158.7
ACCO| 1.01| 8.775| 8.688119
RELX| 0.91| 21.73| 23.87912
BTE| 0.0| -1.0| -Infinity
ROAN| -0.07| -1.0| 14.285714
FUN| 2.21| -1.0| -0.4524887
SNN| 1.51| 39.55| 26.192053
UAL| 7.77| 85.707| 11.030502
FOR| 1.72| -1.0| -0.5813953
CUK| 4.45| 51.84| 11.649439
CCL| 4.45| 52.489| 11.795281
TROX| -0.07| 14.275| -203.92856
DECK| 3.58| 149.777| 41.83715
POOL| 5.63| 165.074| 29.320427
JLL| 10.54| 154.733| 14.680551
TELL| -0.58| 10.044| -17.317242
ETM| -2.61| 6.315| -2.4195404
SID| 0.97| 4.03| 4.1546392
EOG| 5.89| 98.816| 16.77691
